============================================================
Starting series num: 0, Datetime Index: 10530
------------------------------------------------------------
Battery Details:
------------------------------------------------------------
Number of available batteries:
229
--------------------
Time arrival:
[ 0  0  0  0  0  0  0  0  0  0  0  0  0  0  0  0  0  0  0  0  0  0  0  0
  0  0  0  0  0  0  0  0  0  0  0  0  0  0  0  0  0  0  0  0  0  0  0  0
  0  0  0  0  0  0  0  0  0  0  0  0  0  0  0  0  0  0  0  0  0  0  0  0
  0  0  0  0  4  4  4  4  4  4  4  4  4  4  4  4 10 10 11 11 11 12 12 12
 12 12 13 13 13 13 13 13 13 13 13 14 14 14 14 14 14 14 14 14 14 14 14 14
 14 14 14 14 14 15 15 15 15 15 15 19 19 19 20 20 20 20 20 23 23 23 23 23
 23 23 23 23 23 23 23 23 24 24 24 24 24 24 24 24 27 27 27 28 28 28 28 28
 28 28 28 28 28 28 28 28 28 34 34 34 34 34 36 36 36 37 37 37 37 38 38 38
 39 39 39 40 40 40 40 40 40 40 40 40 40 41 41 41 41 41 41 41 41 41 41 44
 44 44 44 44 44 44 44 44 44 44 45 46 46]
--------------------
Time departure:
[ 4  4  4  4  4  4  4  4  4  4  4  4 10 10 11 11 11 12 12 12 12 12 13 13
 13 13 13 13 13 13 13 14 14 14 14 14 14 14 14 14 14 14 14 14 14 14 14 14
 14 15 15 15 15 15 15 19 19 19 20 20 20 20 20 23 23 23 23 23 23 23 23 23
 23 23 23 23 24 24 24 24 24 24 24 24 27 27 27 28 28 28 28 28 28 28 28 28
 28 28 28 28 28 34 34 34 34 34 36 36 36 37 37 37 37 38 38 38 39 39 39 40
 40 40 40 40 40 40 40 40 40 41 41 41 41 41 41 41 41 41 41 44 44 44 44 44
 44 44 44 44 44 44 45 46 46 48 48 48 48 48 48 48 48 48 48 48 48 48 48 48
 48 48 48 48 48 48 48 48 48 48 48 48 48 48 48 48 48 48 48 48 48 48 48 48
 48 48 48 48 48 48 48 48 48 48 48 48 48 48 48 48 48 48 48 48 48 48 48 48
 48 48 48 48 48 48 48 48 48 48 48 48 48]
--------------------
State of Charge (SoC) at the beginning of availability:
[0.66 0.68 0.74 0.74 0.68 0.68 0.74 0.7  0.71 0.69 0.71 0.68 0.65 0.74
 0.72 0.71 0.72 0.69 0.66 0.7  0.67 0.65 0.7  0.7  0.71 0.69 0.71 0.75
 0.68 0.73 0.68 0.71 0.7  0.68 0.65 0.71 0.69 0.66 0.72 0.7  0.7  0.71
 0.66 0.71 0.68 0.65 0.7  0.69 0.74 0.75 0.69 0.68 0.67 0.72 0.71 0.72
 0.73 0.73 0.66 0.66 0.74 0.69 0.75 0.66 0.75 0.67 0.7  0.73 0.67 0.67
 0.72 0.72 0.68 0.7  0.7  0.72 0.33 0.31 0.34 0.31 0.34 0.31 0.35 0.3
 0.33 0.34 0.34 0.35 0.34 0.34 0.33 0.34 0.31 0.29 0.3  0.3  0.33 0.31
 0.32 0.34 0.3  0.28 0.31 0.35 0.29 0.3  0.35 0.32 0.32 0.33 0.33 0.34
 0.32 0.31 0.34 0.3  0.35 0.3  0.31 0.29 0.34 0.32 0.31 0.31 0.35 0.34
 0.35 0.29 0.29 0.3  0.29 0.32 0.32 0.34 0.29 0.32 0.34 0.31 0.3  0.34
 0.32 0.33 0.32 0.31 0.34 0.29 0.3  0.29 0.3  0.28 0.29 0.31 0.33 0.32
 0.3  0.29 0.34 0.31 0.32 0.3  0.3  0.34 0.29 0.32 0.33 0.34 0.33 0.33
 0.34 0.35 0.3  0.29 0.34 0.33 0.29 0.34 0.3  0.35 0.33 0.3  0.34 0.34
 0.33 0.29 0.34 0.29 0.3  0.31 0.3  0.34 0.3  0.29 0.32 0.34 0.35 0.31
 0.3  0.34 0.3  0.35 0.3  0.35 0.29 0.32 0.34 0.3  0.34 0.32 0.31 0.29
 0.31 0.33 0.31 0.34 0.32 0.31 0.29 0.31 0.33 0.32 0.33 0.35 0.33 0.3
 0.3  0.29 0.31 0.28 0.32]
--------------------
State of Charge (SoC) at the end of availability:
[0.9  0.9  0.9  0.9  0.9  0.9  0.9  0.9  0.9  0.9  0.9  0.9  0.9  0.9
 0.9  0.9  0.9  0.9  0.9  0.9  0.9  0.9  0.9  0.9  0.9  0.9  0.9  0.9
 0.9  0.9  0.9  0.9  0.9  0.9  0.9  0.9  0.9  0.9  0.9  0.9  0.9  0.9
 0.9  0.9  0.9  0.9  0.9  0.9  0.9  0.9  0.9  0.9  0.9  0.9  0.9  0.9
 0.9  0.9  0.9  0.9  0.9  0.9  0.9  0.9  0.9  0.9  0.9  0.9  0.9  0.9
 0.9  0.9  0.9  0.9  0.9  0.9  0.9  0.9  0.9  0.9  0.9  0.9  0.9  0.9
 0.9  0.9  0.9  0.9  0.9  0.9  0.9  0.9  0.9  0.9  0.9  0.9  0.9  0.9
 0.9  0.9  0.9  0.9  0.9  0.9  0.9  0.9  0.9  0.9  0.9  0.9  0.9  0.9
 0.9  0.9  0.9  0.9  0.9  0.9  0.9  0.9  0.9  0.9  0.9  0.9  0.9  0.9
 0.9  0.9  0.9  0.9  0.9  0.9  0.9  0.9  0.9  0.9  0.9  0.9  0.9  0.9
 0.9  0.9  0.9  0.9  0.9  0.9  0.9  0.9  0.9  0.9  0.9  0.9  0.9  0.69
 0.71 0.71 0.7  0.7  0.67 0.71 0.7  0.72 0.68 0.66 0.75 0.74 0.72 0.68
 0.69 0.71 0.7  0.74 0.71 0.72 0.67 0.72 0.74 0.7  0.73 0.69 0.73 0.65
 0.73 0.68 0.74 0.72 0.71 0.7  0.69 0.71 0.68 0.73 0.75 0.69 0.71 0.75
 0.72 0.72 0.67 0.74 0.74 0.72 0.73 0.68 0.67 0.67 0.69 0.68 0.7  0.67
 0.71 0.71 0.69 0.69 0.66 0.69 0.66 0.66 0.7  0.69 0.72 0.73 0.68 0.7
 0.72 0.65 0.73 0.74 0.66]
Set parameter Username
Set parameter LicenseID to value 2598692
Academic license - for non-commercial use only - expires 2025-12-12
------------------------------------------------------------
Starting optimization...
Gurobi Optimizer version 12.0.3 build v12.0.3rc0 (mac64[arm] - Darwin 25.0.0 25A362)

CPU model: Apple M2
Thread count: 8 physical cores, 8 logical processors, using up to 8 threads

Optimize a model with 44437 rows, 66144 columns and 198144 nonzeros
Model fingerprint: 0xe9057161
Model has 48 quadratic constraints
Variable types: 44160 continuous, 21984 integer (21984 binary)
Coefficient statistics:
  Matrix range     [6e-01, 2e+00]
  QMatrix range    [1e+00, 1e+00]
  Objective range  [2e+00, 8e+00]
  Bounds range     [2e-01, 1e+00]
  RHS range        [3e-01, 1e+02]
Presolve added 247571 rows and 0 columns
Presolve removed 0 rows and 46237 columns
Presolve time: 0.34s
Presolved: 292008 rows, 19907 columns, 608854 nonzeros
Variable types: 12611 continuous, 7296 integer (7296 binary)
Found heuristic solution: objective 1869.6150212
Performing another presolve...
Presolve removed 15333 rows and 484 columns
Presolve time: 1.48s
Root relaxation presolved: 14147 rows, 285546 columns, 578509 nonzeros

Deterministic concurrent LP optimizer: primal and dual simplex
Showing primal log only...

Concurrent spin time: 0.04s

Solved with dual simplex

Root relaxation: objective 1.474024e+03, 7455 iterations, 1.04 seconds (1.85 work units)

    Nodes    |    Current Node    |     Objective Bounds      |     Work
 Expl Unexpl |  Obj  Depth IntInf | Incumbent    BestBd   Gap | It/Node Time

     0     0 1474.02388    0 2090 1869.61502 1474.02388  21.2%     -   10s
     0     0 1474.02388    0 2086 1869.61502 1474.02388  21.2%     -   11s
     0     0 1474.02388    0 2132 1869.61502 1474.02388  21.2%     -   19s
H    0     0                    1605.1978537 1474.02388  8.17%     -   20s
H    0     0                    1596.0373217 1474.02388  7.64%     -   23s
     0     0 1479.92116    0 2384 1596.03732 1479.92116  7.28%     -   54s
     0     0 1482.32406    0 2357 1596.03732 1482.32406  7.12%     -   63s
     0     0 1491.57693    0 2291 1596.03732 1491.57693  6.54%     -   80s
     0     0 1521.76561    0 2212 1596.03732 1521.76561  4.65%     -   89s
     0     0 1521.76561    0 1870 1596.03732 1521.76561  4.65%     -  107s
     0     0 1521.76561    0 1829 1596.03732 1521.76561  4.65%     -  117s
     0     0 1521.76561    0 1819 1596.03732 1521.76561  4.65%     -  132s
H    0     0                    1595.3888883 1521.76561  4.61%     -  132s
     0     0 1521.76561    0 1810 1595.38889 1521.76561  4.61%     -  144s
     0     0 1521.76561    0 1849 1595.38889 1521.76561  4.61%     -  185s
     0     0 1521.76561    0 1807 1595.38889 1521.76561  4.61%     -  199s
     0     0 1521.76561    0 1809 1595.38889 1521.76561  4.61%     -  232s
H    0     0                    1594.2346633 1521.76561  4.55%     -  233s
     0     0 1521.76561    0 1796 1594.23466 1521.76561  4.55%     -  247s
     0     0 1521.76561    0 1807 1594.23466 1521.76561  4.55%     -  282s
     0     0 1521.76561    0 1789 1594.23466 1521.76561  4.55%     -  301s
     0     0 1521.76561    0 1802 1594.23466 1521.76561  4.55%     -  341s
     0     0 1521.76561    0 1795 1594.23466 1521.76561  4.55%     -  349s

Cutting planes:
  Gomory: 6
  Cover: 3
  Implied bound: 888
  MIR: 151
  Flow cover: 529
  RLT: 13
  Relax-and-lift: 171

Explored 1 nodes (412950 simplex iterations) in 373.64 seconds (675.30 work units)
Thread count was 8 (of 8 available processors)

Solution count 5: 1594.23 1595.39 1596.04 ... 1869.62

Solve interrupted
Best objective 1.594234663343e+03, best bound 1.521765606416e+03, gap 4.5457%
Optimization ended with status 11
